-1.413582029488760945e-02 -1.831343138631905454e+00 -4.650608041964448928e-03
-2.827188309174224687e-02 -1.831374555578651808e+00 -6.866274940102750322e-03
-4.240841945866349189e-02 -1.831435908176099581e+00 -1.123178576498157048e-02
-5.654565359918616724e-02 -1.831526307096759343e+00 -1.544295081399045706e-02
-7.068380048495369328e-02 -1.831644556317999717e+00 -1.947471625284353386e-02
-8.482306561022331937e-02 -1.831789428012517540e+00 -2.335820366059170039e-02
-9.896364848297697914e-02 -1.831960146638179410e+00 -2.704718935014024939e-02
-1.131057343132214343e-01 -1.832154859844134398e+00 -3.054084904022229957e-02
-1.272495022387252483e-01 -1.832372780951468716e+00 -3.386309044870113028e-02
-1.413951195925766680e-01 -1.832612380624082382e+00 -3.690308535639783005e-02
-1.555427360775409051e-01 -1.832871374794234454e+00 -3.965471825958855751e-02
-1.696924889539274950e-01 -1.833148151499875089e+00 -4.215326642935462997e-02
-1.838445015307289820e-01 -1.833440903300893821e+00 -4.430126275283275544e-02
-1.979988745098042735e-01 -1.833746701366965937e+00 -4.607288864954910829e-02
-2.121556919491198179e-01 -1.834063389425759638e+00 -4.741105731488243213e-02
-2.263150093460234713e-01 -1.834387267352924011e+00 -4.827542025749623905e-02
-2.404768613460957494e-01 -1.834715633731753615e+00 -4.872536509864414112e-02
-2.546412602277317028e-01 -1.835045590818024097e+00 -4.871848832771770443e-02
-2.688081929953696214e-01 -1.835373864285499312e+00 -4.821458907996171300e-02
-2.829776200937831887e-01 -1.835697013240149111e+00 -4.720147737252641806e-02
-2.971494754225168511e-01 -1.836011598658116251e+00 -4.562152671123868158e-02
-3.113236603116822931e-01 -1.836313401059653128e+00 -4.345679394807117069e-02
-3.255000476749018157e-01 -1.836598738992849755e+00 -4.070392584462545482e-02
-3.396784775066614137e-01 -1.836863347672694546e+00 -3.732829906303035405e-02
-3.538587577741493240e-01 -1.837103077854871813e+00 -3.328103870210789850e-02
-3.680406584283378302e-01 -1.837313004410538131e+00 -2.854708801570811361e-02
-3.822239158226591882e-01 -1.837488774665207991e+00 -2.313268061722000002e-02
-3.964082289444225138e-01 -1.837625547711756013e+00 -1.696391357896349927e-02
-4.105932554761875242e-01 -1.837717972380737752e+00 -1.011318294986387686e-02
-4.247786232844504295e-01 -1.837762185900700729e+00 -2.617198825673915791e-03
-4.389639227593908344e-01 -1.837753333088580243e+00 5.618344330107280862e-03
-4.531487046401624363e-01 -1.837686277020387005e+00 1.465471961817430870e-02
-4.673324757995356848e-01 -1.837555334658407924e+00 2.446322792430860246e-02
-4.815147064522364850e-01 -1.837355756829474940e+00 3.502434632509973667e-02
-4.956948249826196862e-01 -1.837082124268112793e+00 4.637334328709304121e-02
-5.098722194389077034e-01 -1.836729211292479569e+00 5.841660173749524398e-02
-5.240462458021160064e-01 -1.836292863487873683e+00 7.118322034040841517e-02
-5.382162166824775440e-01 -1.835767462023354391e+00 8.472871380685004228e-02
-5.523814068334844674e-01 -1.835148102430591566e+00 9.908955936176809531e-02
-5.665410438336995202e-01 -1.834428673038557722e+00 1.143041652793361229e-01
-5.806943133994111328e-01 -1.833603750448626668e+00 1.302996263589834280e-01
-5.948403616751367640e-01 -1.832668208004540888e+00 1.470296237425815222e-01
-6.089782977736341030e-01 -1.831617248117066943e+00 1.644954629274971714e-01
-6.231071910997415531e-01 -1.830445726491505276e+00 1.827512682665362598e-01
-6.372260683820016869e-01 -1.829148114269982139e+00 2.017996831927480750e-01
-6.513339163653589781e-01 -1.827719231442641812e+00 2.215703941092478368e-01
-6.654296864513463694e-01 -1.826154499151485755e+00 2.420361222748479701e-01
-6.795122929027517245e-01 -1.824449105946962968e+00 2.632245011424115821e-01
-6.935806117571061691e-01 -1.822598099618296885e+00 2.851239330362525526e-01
-7.076334831226973598e-01 -1.820596825410955910e+00 3.077409704588645600e-01
-7.216697081992068386e-01 -1.818440242583966748e+00 3.311557157289959918e-01
-7.356880439033394170e-01 -1.816122614128495405e+00 3.553784763690795989e-01
-7.496872071682401106e-01 -1.813638760039678388e+00 3.802988059529390230e-01
-7.636658821623452109e-01 -1.810984435539141568e+00 4.059174834746668292e-01
-7.776227129892913092e-01 -1.808154450097111621e+00 4.322435579163498298e-01
-7.915563100443037126e-01 -1.805144436675335529e+00 4.592429944694001454e-01
-8.054652472072395542e-01 -1.801949664584886035e+00 4.868488095989679798e-01
-8.193480716351426718e-01 -1.798566671795254868e+00 5.150023135594145041e-01
-8.332033000903418252e-01 -1.794991520568714360e+00 5.438155895706319187e-01
-8.470294109233853508e-01 -1.791219234529741966e+00 5.732696630564702023e-01
-8.608248540689328321e-01 -1.787246132304183721e+00 6.032341449175698811e-01
-8.745880546479188888e-01 -1.783068999190412063e+00 6.336724386628278527e-01
-8.883174131819744357e-01 -1.778684648265751456e+00 6.645829227413075913e-01
-9.020113055481144837e-01 -1.774089886737184374e+00 6.959646912985595346e-01
-9.156680831185201042e-01 -1.769281539920943391e+00 7.278338459301881835e-01
-9.292860709415488030e-01 -1.764256197476986143e+00 7.601372554685040805e-01
-9.428635751016825051e-01 -1.759011402571362126e+00 7.928413148819211109e-01
-9.563988788641905048e-01 -1.753544198898201456e+00 8.259123837125688095e-01
-9.698902500387722725e-01 -1.747852584136367238e+00 8.593451902934808873e-01
-9.833359341656877639e-01 -1.741933673204947963e+00 8.931205383410285581e-01
-9.967341633315746074e-01 -1.735785723141847203e+00 9.271754616968004292e-01
-1.010083153920263488e+00 -1.729406699595532171e+00 9.615566806543469625e-01
-1.023381103989583263e+00 -1.722794228370759795e+00 9.962489999092036808e-01
-1.036626197479248557e+00 -1.715946480418214515e+00 1.031173126830348341e+00
-1.049816608272264640e+00 -1.708862152857347771e+00 1.066244072451151936e+00
-1.062950504996875489e+00 -1.701540564916150133e+00 1.101476212794437304e+00
-1.076026044725365338e+00 -1.693980219481087346e+00 1.136833345718937016e+00
-1.089041383050716627e+00 -1.686180924903608602e+00 1.172326011329905660e+00
-1.101994662910741996e+00 -1.678141041663886002e+00 1.207897110596870327e+00
-1.114884031718712309e+00 -1.669861149572577697e+00 1.243487661722328275e+00
-1.127707630383839366e+00 -1.661340406006938775e+00 1.279060594304962217e+00
-1.140463608156801589e+00 -1.652579891632058873e+00 1.314579038182591031e+00
-1.153150111629344554e+00 -1.643579261974214445e+00 1.349991419680551807e+00
-1.165765301113210306e+00 -1.634340294505181701e+00 1.385310464603941805e+00
-1.178307332934055429e+00 -1.624862472814175174e+00 1.420599393667042909e+00
-1.190774370544353422e+00 -1.615146720204313491e+00 1.455703862183890029e+00
-1.203164589506835025e+00 -1.605194605600206881e+00 1.490635079030092625e+00
-1.215476171342092959e+00 -1.595006900862992572e+00 1.525409871374150850e+00
-1.227707307926100944e+00 -1.584584947567113655e+00 1.560014157308660776e+00
-1.239856198561272826e+00 -1.573929707832930180e+00 1.594341678243005545e+00
-1.251921063986929150e+00 -1.563043958883924223e+00 1.628278548159669104e+00
-1.263900144245808210e+00 -1.551930201542885301e+00 1.661782610012041417e+00
-1.275791705214041061e+00 -1.540591782612876104e+00 1.694817523530660619e+00
-1.287594035861040931e+00 -1.529031693906380607e+00 1.727413961050593860e+00
-1.299305447790848556e+00 -1.517252867815653383e+00 1.759616415202831519e+00
-1.310924271060726509e+00 -1.505257695017754971e+00 1.791358310829797906e+00
-1.322448865305574150e+00 -1.493050007395140266e+00 1.822583830799322291e+00
-1.333877614434585412e+00 -1.480632949764480122e+00 1.853267599124355236e+00
-1.345208934581008986e+00 -1.468010696860616804e+00 1.883354865439122783e+00
-1.356441271862210307e+00 -1.455187133226859109e+00 1.912853753951786251e+00
-1.367573103772349752e+00 -1.442166323832696939e+00 1.941739034842715927e+00
-1.378602940420878831e+00 -1.428952494098972625e+00 1.969988525259937839e+00
-1.389529325607455679e+00 -1.415550008705438678e+00 1.997550329265776137e+00
-1.400350841159167636e+00 -1.401963794233687333e+00 2.024487327002155279e+00
-1.411066096035646700e+00 -1.388197365796252081e+00 2.050772578587117145e+00
-1.421673740033468469e+00 -1.374256013956737466e+00 2.076324175914990189e+00
-1.432172458623808931e+00 -1.360144360479784043e+00 2.101168869871449907e+00
-1.442560975324983064e+00 -1.345867334500493229e+00 2.125295381787749349e+00
-1.452838050506139789e+00 -1.331429710168455127e+00 2.148683871622587116e+00
-1.463002484652651036e+00 -1.316836684675556812e+00 2.171329075896131222e+00
-1.473053115649641587e+00 -1.302093103285730136e+00 2.193220111082277768e+00
-1.482988822633483528e+00 -1.287204310237079596e+00 2.214268307253298484e+00
-1.492808531387536553e+00 -1.272176348803935486e+00 2.234415617204555282e+00
-1.502511215000051248e+00 -1.257015347494295776e+00 2.253681619781034762e+00
-1.512095891164421335e+00 -1.241727085054702640e+00 2.272107569598839749e+00
-1.521561620576558305e+00 -1.226317132606220772e+00 2.289761472181274904e+00
-1.530907501445337715e+00 -1.210790350079665290e+00 2.306529625904798930e+00
-1.540132686839899900e+00 -1.195153844807202326e+00 2.322315022963225672e+00
-1.549236377459126679e+00 -1.179413787382276313e+00 2.337142208651056485e+00
-1.558217826302378484e+00 -1.163576953508069112e+00 2.350978995124906490e+00
-1.567076337355572280e+00 -1.147649948664711816e+00 2.363868630464482479e+00
-1.575811262394835266e+00 -1.131638964234968459e+00 2.375819840689418427e+00
-1.584422003272829338e+00 -1.115550487802604351e+00 2.386811621562161534e+00
-1.592908011822923076e+00 -1.099390994536506350e+00 2.396913247921850676e+00
-1.601268782730465468e+00 -1.083166036055114967e+00 2.406121459551303410e+00
-1.609503861001514213e+00 -1.066882131575781267e+00 2.414410584877877852e+00
-1.617612837171352291e+00 -1.050545179562959452e+00 2.421742396471747050e+00
-1.625595356082644161e+00 -1.034162215720926925e+00 2.428036996547745741e+00
-1.633451116439682327e+00 -1.017740218005008579e+00 2.433359502853038592e+00
-1.641179864463123250e+00 -1.001285342320205496e+00 2.437752657794282296e+00
-1.648781395777718650e+00 -9.848039891335219620e-01 2.441102069870678015e+00
-1.656255565454277656e+00 -9.683038598819221354e-01 2.443425186563455753e+00
-1.663602276148136827e+00 -9.517911193012615900e-01 2.444797948755681460e+00
-1.670821482040945494e+00 -9.352724427989370648e-01 2.445227619413892661e+00
-1.677913184141438530e+00 -9.187538969815995937e-01 2.444679355008771537e+00
-1.684877438618435530e+00 -9.022426280240360974e-01 2.443120537584333452e+00
-1.691714351869511690e+00 -8.857451432307923422e-01 2.440579734432672954e+00
-1.698424082473093399e+00 -8.692682028068694500e-01 2.437075967617166938e+00
-1.705006837252584395e+00 -8.528180570516444847e-01 2.432663170201160519e+00
-1.711462869587652813e+00 -8.364007374859707689e-01 2.427300944820342643e+00
-1.717792485315915885e+00 -8.200230402139168095e-01 2.420994094461371038e+00
-1.723996036330360138e+00 -8.036909318636702437e-01 2.413773228462515519e+00
-1.730073923789726020e+00 -7.874107949796351757e-01 2.405647208580069307e+00
-1.736026593983945654e+00 -7.711884764597091158e-01 2.396673624130892577e+00
-1.741854536462813741e+00 -7.550295807648778057e-01 2.386887665057396912e+00
-1.747558282237418270e+00 -7.389394793452966903e-01 2.376272499477326328e+00
-1.753138407334078330e+00 -7.229240040758051489e-01 2.364767301411031752e+00
-1.758595535583842739e+00 -7.069893482201993207e-01 2.352430699589993068e+00
-1.763930329718701673e+00 -6.911405515264751331e-01 2.339246686296309719e+00
-1.769143501944792751e+00 -6.753840235370812684e-01 2.325172931804810883e+00
-1.774235807783689278e+00 -6.597253759126364692e-01 2.310356833457408499e+00
-1.779208036859295738e+00 -6.441690267250551605e-01 2.294757712913418235e+00
-1.784061026353227053e+00 -6.287211372358905148e-01 2.278408931325548892e+00
-1.788795644070252155e+00 -6.133856747779067309e-01 2.261309761057714418e+00
-1.793412805448733716e+00 -5.981688104436745368e-01 2.243435422780316824e+00
-1.797913459134382386e+00 -5.830748463569666029e-01 2.224914373587753680e+00
-1.802298588009933145e+00 -5.681082180395821135e-01 2.205753033157410670e+00
-1.806569207495971163e+00 -5.532731408796838224e-01 2.186005996980314947e+00
-1.810726361556435515e+00 -5.385733127649297014e-01 2.165627671223045336e+00
-1.814771131448019048e+00 -5.240135650971409209e-01 2.144576945245439958e+00
-1.818704631258126536e+00 -5.095981512056644291e-01 2.122853700560988432e+00
-1.822528012379272644e+00 -4.953319040931804529e-01 2.100503900766562904e+00
-1.826242454241219670e+00 -4.812184560795412236e-01 2.077571361186662191e+00
-1.829849169009414744e+00 -4.672620481830224715e-01 2.054117239250230487e+00
-1.833349390508549170e+00 -4.534654864316576828e-01 2.030201441123085981e+00
-1.836744379051488130e+00 -4.398322024575931910e-01 2.005797773037890863e+00
-1.840035419342043843e+00 -4.263653561901959987e-01 1.980958742586909738e+00
-1.843223817096275585e+00 -4.130676698368596078e-01 1.955736495992584700e+00
-1.846310896982949812e+00 -3.999415987846293707e-01 1.930135274182594562e+00
-1.849298004240800930e+00 -3.869898079421552617e-01 1.904107060099697657e+00
-1.852186508068887072e+00 -3.742154014500719827e-01 1.877666684829683685e+00
-1.854977796689525560e+00 -3.616208438357339516e-01 1.850826020317854814e+00
-1.857673281047252711e+00 -3.492090788391272183e-01 1.823612239037869509e+00
-1.860274388276093482e+00 -3.369822038630709282e-01 1.796051029850551650e+00
-1.862782565553244840e+00 -3.249428155679585095e-01 1.768169249861083259e+00
-1.865199273444510641e+00 -3.130926484929854037e-01 1.740102028133969636e+00
-1.867525978466488379e+00 -3.014324735834620350e-01 1.711921772833143285e+00
-1.869764152973059534e+00 -2.899630470792262105e-01 1.683572749369847799e+00
-1.871915281081363736e+00 -2.786858929499633208e-01 1.655007378054576872e+00
-1.873980857707828740e+00 -2.676024102798694182e-01 1.626244751164833025e+00
-1.875962387541039389e+00 -2.567138650848052595e-01 1.597350735694205159e+00
-1.877861379199713410e+00 -2.460207665266983534e-01 1.568287499902301985e+00
-1.879679355020132725e+00 -2.355248917622160820e-01 1.539101745344163330e+00
-1.881417836398286747e+00 -2.252261189733131552e-01 1.509866159182838397e+00
-1.883078350867309902e+00 -2.151252432477706034e-01 1.480609245752301684e+00
-1.884662422047375996e+00 -2.052217576483782446e-01 1.451399080816565323e+00
-1.886171572596298862e+00 -1.955155374981752403e-01 1.422149087473610241e+00
-1.887607330287888852e+00 -1.860072455916921275e-01 1.392841768253083146e+00
-1.888971223758377116e+00 -1.766969936585150447e-01 1.363504644469103688e+00
-1.890264783889840761e+00 -1.675850726554912462e-01 1.334135293096571750e+00
-1.891489542679471114e+00 -1.586716270494532011e-01 1.304699192600915936e+00
-1.892647037970496493e+00 -1.499574142141999189e-01 1.275217334163621707e+00
-1.893738806532125452e+00 -1.414422950068401075e-01 1.245848488610546312e+00
-1.894766374421666510e+00 -1.331248816646505295e-01 1.216574274899710151e+00
-1.895731268539335934e+00 -1.250052833891334703e-01 1.187341899526283662e+00
-1.896635010579193814e+00 -1.170828257052539817e-01 1.158259796511694972e+00
-1.897479111769809990e+00 -1.093561527734505517e-01 1.129415771894219711e+00
-1.898265068976456860e+00 -1.018234037802122072e-01 1.100820392474060494e+00
-1.898994367496922964e+00 -9.448308011901179748e-02 1.072486555917057105e+00
-1.899668476920624238e+00 -8.733314671728352463e-02 1.044385460509338115e+00
-1.900288858273174286e+00 -8.037249410553468087e-02 1.016446213956008648e+00
-1.900856964265049909e+00 -7.360004502980442564e-02 9.886964157758122429e-01
-1.901374236164618425e+00 -6.701431712630202819e-02 9.611850221650760639e-01
-1.901842101819553266e+00 -6.061357169886422841e-02 9.339394413212405155e-01
-1.902261974777064379e+00 -5.439595607432499980e-02 9.069570873019553447e-01
-1.902635255433351213e+00 -4.835976649492584878e-02 8.802438529807389278e-01
-1.902963329269592219e+00 -4.250307066948440932e-02 8.538523302241407542e-01
-1.903247563131239550e+00 -3.682345427686823519e-02 8.278177811173249578e-01
-1.903489305271302223e+00 -3.131850860343931425e-02 8.021140102664334748e-01
-1.903689888038935685e+00 -2.598617325137431502e-02 7.767366306772566231e-01
-1.903850625648364048e+00 -2.082409877926899577e-02 7.517601701010309112e-01
-1.903972808637586667e+00 -1.582921785241322987e-02 7.272327321354415952e-01
-1.904057704393030015e+00 -1.099853110657411301e-02 7.030739717983518489e-01
-1.904106565003936158e+00 -6.330056739944905399e-03 6.792417938518288123e-01
-1.904120623798014389e+00 -1.821364132782232921e-03 6.557357311314412351e-01
-1.904101098854509067e+00 2.529522204909404309e-03 6.325365289264675006e-01
-1.904049191499173066e+00 6.724772744430038834e-03 6.096448186428555793e-01
-1.903966087743445668e+00 1.076637150663688029e-02 5.870992988112850863e-01
-1.903852952809471422e+00 1.465701181475236037e-02 5.650045077317884523e-01
-1.903710925702961410e+00 1.840009009600095807e-02 5.433490673764002077e-01
-1.903541125826926805e+00 2.199814594622346436e-02 5.220543061413027708e-01
-1.903344654572472150e+00 2.545351286858570095e-02 5.011514263176178874e-01
-1.903122590473968367e+00 2.876915202991861195e-02 4.806467205745106330e-01
-1.902875993397628474e+00 3.194748195300277371e-02 4.605527046146318804e-01
-1.902605899047690396e+00 3.499163290305805363e-02 4.409077982411850893e-01
-1.902313320453498768e+00 3.790454248892875105e-02 4.217123386856566625e-01
-1.901999246447254155e+00 4.068934553213514327e-02 4.029202389039940324e-01
-1.901664647992602042e+00 4.334835696414445633e-02 3.844736608294649916e-01
-1.901310477887877104e+00 4.588393016222449411e-02 3.663585365914547309e-01
-1.900937672529973144e+00 4.829818998826965887e-02 3.486775739712738575e-01
-1.900547139439254352e+00 5.059487749396226336e-02 3.314888118421419061e-01
-1.900139763681869765e+00 5.277690169852527341e-02 3.147408467530019571e-01
-1.899716406808216407e+00 5.484730914682817843e-02 2.984567039276181943e-01
-1.899277905513215181e+00 5.680931994955652070e-02 2.826125051015772605e-01
-1.898825075466258339e+00 5.866565803477153535e-02 2.671701275356966887e-01
-1.898358711457016845e+00 6.041902844069688833e-02 2.521496140454297374e-01
-1.897879585159402138e+00 6.207242589184022719e-02 2.375683581828768598e-01
-1.897388445553660929e+00 6.362879042894323267e-02 2.234127221101019356e-01
-1.896886019926546929e+00 6.509093251706862815e-02 2.097150825236789862e-01
-1.896373009494639161e+00 6.646222963522119276e-02 1.965397918146092882e-01
-1.895850087069822942e+00 6.774636170709050220e-02 1.837566737496589553e-01
-1.895317912969664897e+00 6.894494741379929292e-02 1.712075602122942186e-01
-1.894777135602119911e+00 7.005952968565939964e-02 1.589821426017939965e-01
-1.894228381527061744e+00 7.109293901519084247e-02 1.472116943025741365e-01
-1.893672251704476173e+00 7.204849195408577489e-02 1.358952937775459446e-01
-1.893109325342373639e+00 7.292900654407009908e-02 1.249900334820311654e-01
-1.892540160523630721e+00 7.373721961735241193e-02 1.144699600841959097e-01
-1.891965296285776921e+00 7.447559856282492952e-02 1.043056767124252437e-01
-1.891385253606957750e+00 7.514648303454592171e-02 9.446903698832971596e-02
-1.890800537355308730e+00 7.575196013854437749e-02 8.500645762652832282e-02
-1.890211629498861790e+00 7.629499666040120975e-02 7.586453723231012525e-02
-1.889619001464778902e+00 7.677695820531857396e-02 6.696278921666617978e-02
-1.889023110173926767e+00 7.719972411273791357e-02 5.839342204670130987e-02
-1.888424392390039230e+00 7.756590580710671923e-02 5.019524332929278104e-02
-1.887823266323375826e+00 7.787790695350628456e-02 4.232482190692783697e-02
-1.887220134556424567e+00 7.813775218242062504e-02 3.473546218934087104e-02
-1.886615385988002158e+00 7.834721425954779828e-02 2.747555590929346564e-02
-1.886009388842462497e+00 7.850897163116429822e-02 2.052658159140824043e-02
-1.885402499592061520e+00 7.862454682119315863e-02 1.385442816401321470e-02
-1.884795057591977407e+00 7.869615740468177689e-02 7.466158708073340929e-03
-1.884187389708693816e+00 7.872542133412363530e-02 1.339357655008767715e-03
-1.883579808029297809e+00 7.871425333009286762e-02 -4.507489347623036199e-03
-1.882972610224345145e+00 7.866452110279194276e-02 -1.008655101796012560e-02
-1.882366080454050072e+00 7.857797496247863334e-02 -1.537525250430047709e-02
-1.881760486107802999e+00 7.845678762588673139e-02 -2.038880645859014046e-02
-1.881156082651154193e+00 7.830250386667673979e-02 -2.518912477234193370e-02
-1.880553115235515049e+00 7.811645991629663499e-02 -2.973639706452147272e-02
-1.879951812936700106e+00 7.790073842242667412e-02 -3.402932104574740713e-02
-1.879352394380571667e+00 7.765669321161455807e-02 -3.808906415368250309e-02
-1.878755064324911128e+00 7.738612094043753609e-02 -4.196090826883503572e-02
-1.878160021799917256e+00 7.708976363654918007e-02 -4.564490149664433144e-02
-1.877567451972724788e+00 7.676941730657904639e-02 -4.908482539167823705e-02
-1.876977528419960572e+00 7.642658353989406628e-02 -5.226552533390446675e-02
-1.876390409274737880e+00 7.606326309565776544e-02 -5.523603064546665775e-02
-1.875806246192845972e+00 7.568029513303918543e-02 -5.809655283902281919e-02
-1.875225185837447794e+00 7.527832646361987123e-02 -6.077028350488187375e-02
-1.874647360384164463e+00 7.485923399720066651e-02 -6.324192381323283374e-02
-1.874072895420502149e+00 7.442387124630078787e-02 -6.554798293217341254e-02
-1.873501905853903748e+00 7.397362184905444116e-02 -6.759432555933683751e-02
-1.872934490186488166e+00 7.351061117050192162e-02 -6.940980345947242447e-02
-1.872370739249212379e+00 7.303583303551065831e-02 -7.108532685043450483e-02
-1.871810736948579246e+00 7.255018453038955539e-02 -7.267211075488415328e-02
-1.871254564861056791e+00 7.205396751903016261e-02 -7.413754341502082346e-02
-1.870702294237635233e+00 7.154851970189284038e-02 -7.545220772624638972e-02
-1.870153990931409993e+00 7.103454039438529544e-02 -7.665587676338433964e-02
-1.869609714617864293e+00 7.051282992698854057e-02 -7.773009415781176323e-02
-1.869069517649804002e+00 6.998433697723453750e-02 -7.866822651856787696e-02
-1.868533445510637714e+00 6.944995149867665141e-02 -7.957642509104698170e-02
-1.868001547431427767e+00 6.890918797013841079e-02 -8.053966051466025788e-02
-1.867473874635281694e+00 6.836178831548363199e-02 -8.141114703365887051e-02
-1.866950466784925933e+00 6.780925022099162924e-02 -8.213282815637081014e-02
-1.866431359480520191e+00 6.725210000589590398e-02 -8.277616430759776600e-02
-1.865916584214328378e+00 6.669086986192530875e-02 -8.336196989497933474e-02
-1.865406170586746182e+00 6.612580488696315206e-02 -8.381236449125434307e-02
-1.864900135968257544e+00 6.555848950729074864e-02 -8.408102735508764247e-02
-1.864398491006767689e+00 6.498979465562876312e-02 -8.425703426780607741e-02
-1.863901243409830544e+00 6.442010126441292950e-02 -8.431989473587629680e-02
-1.863408392025502458e+00 6.385055711134347833e-02 -8.422296727470503230e-02
-1.862919927897328298e+00 6.328217329722311824e-02 -8.411111672466353717e-02
-1.862435848317061327e+00 6.271414034558904504e-02 -8.397767029760273838e-02
-1.861956142076049314e+00 6.214755951260776679e-02 -8.381424239821282096e-02
-1.861480803339329304e+00 6.158173461874406202e-02 -8.362684442670491325e-02
-1.861009818398451365e+00 6.101768570074599801e-02 -8.335292949410930130e-02
-1.860543172395747069e+00 6.045556164375040509e-02 -8.306782785536780123e-02
-1.860080850456123924e+00 5.989536470507239585e-02 -8.275076718998840286e-02
-1.859622834388961587e+00 5.933752442256380599e-02 -8.227893275849641752e-02
-1.859169093178077103e+00 5.878370239102634343e-02 -8.161503671191255860e-02
-1.858719588603073625e+00 5.823483194065689345e-02 -8.086607881469971837e-02
-1.858274280776814003e+00 5.769112900329366467e-02 -8.006637209942196742e-02
-1.857833126186394068e+00 5.715306330923131811e-02 -7.920167150665738398e-02
-1.857396078166576370e+00 5.662104325386087267e-02 -7.827672492843447405e-02
-1.856963086921506578e+00 5.609547441918941862e-02 -7.735859536332925779e-02
-1.856534106496882108e+00 5.557585911923716704e-02 -7.651824747420234163e-02
-1.856109095208565929e+00 5.506164413965001364e-02 -7.559826593895696556e-02
-1.855687998797398874e+00 5.455445861689665193e-02 -7.450342725926294152e-02
-1.855270757343692400e+00 5.405503589164935979e-02 -7.335795546488636798e-02
-1.854857311307847034e+00 5.356332672211205903e-02 -7.216105541622400144e-02
-1.854447595406809590e+00 5.308007519200754615e-02 -7.087132524136835476e-02
-1.854041540419885781e+00 5.260579143603125174e-02 -6.947861225614909708e-02
-1.853639070324122118e+00 5.214135670979189868e-02 -6.805114717779443823e-02
-1.853240112274588069e+00 5.168635928968582510e-02 -6.662460872790201827e-02
-1.852844590344966624e+00 5.124119837973353797e-02 -6.516215141156848911e-02
-1.852452427944410340e+00 5.080596007207537068e-02 -6.363161528001919087e-02
-1.852063542046779254e+00 5.038147808053738963e-02 -6.204429788026303433e-02
-1.851677850139604953e+00 4.996768585724832568e-02 -6.045378301654902309e-02
-1.851295268863289545e+00 4.956469315069062659e-02 -5.883315750703779767e-02
-1.850915712565176729e+00 4.917279703426276349e-02 -5.710903896633299365e-02
-1.850539087092557988e+00 4.879309871841228802e-02 -5.524855006485917402e-02
-1.850165292570946418e+00 4.842633947880244788e-02 -5.326865688566287393e-02
-1.849794222395165999e+00 4.807339129885383061e-02 -5.112704096209763627e-02
-1.849425759824942173e+00 4.773556721473970477e-02 -4.882856384945463701e-02
-1.849059781896314814e+00 4.741367352590027812e-02 -4.648595226175428197e-02
-1.848696167266300483e+00 4.710750022931080305e-02 -4.414503788083570107e-02
-1.848334793147937916e+00 4.681723439720736346e-02 -4.184442992302243175e-02
-1.847975542401731452e+00 4.654214438136002052e-02 -3.959761125934446041e-02
-1.847618297850312841e+00 4.628223508830209276e-02 -3.729820459630894119e-02
-1.847262936869874528e+00 4.603821212262500240e-02 -3.495752027555934505e-02
-1.846909337978271948e+00 4.580992757798345305e-02 -3.252767700207562923e-02
-1.846557369253463143e+00 4.559873397828876490e-02 -2.991782392680503166e-02
-1.846206890440390547e+00 4.540571089380119468e-02 -2.720034042649679615e-02
-1.845857758392419612e+00 4.523123293801503686e-02 -2.438501122132200050e-02
-1.845509822650332143e+00 4.507624748082888350e-02 -2.144444798116164341e-02
-1.845162927007050868e+00 4.494149917668696648e-02 -1.846492817164105751e-02
-1.844816916940643647e+00 4.482676970940189382e-02 -1.533886165063308438e-02
-1.844471620960928426e+00 4.473425737291412962e-02 -1.204549250486463934e-02
-1.844126867098269118e+00 4.466402428207499886e-02 -8.692072807652334240e-03
-1.843782477599914760e+00 4.461681965894215285e-02 -5.290826646426558325e-03
-1.843438275508489488e+00 4.459254045996166593e-02 -1.891590888292297643e-03
-1.843094083280903517e+00 4.459126256633523522e-02 1.685326863011371362e-03
-1.842749705429631124e+00 4.461531074024664006e-02 5.396895530492988591e-03
-1.842404950369069372e+00 4.466417947438145603e-02 9.187924201863742826e-03
-1.842059614324944805e+00 4.473944785210616504e-02 1.306561755292284799e-02
-1.841713496673544004e+00 4.484070770775019921e-02 1.699105703671228637e-02
-1.841366388661231035e+00 4.496901230014003353e-02 2.106670186356671831e-02
-1.841018073999635130e+00 4.512533777960237025e-02 2.530965688946421391e-02
-1.840668326486626816e+00 4.531096850693767247e-02 2.966493734077264161e-02
-1.840316918119609069e+00 4.552613773877380726e-02 3.420506866948914981e-02
-1.839963603418671934e+00 4.577310971993611005e-02 3.888786602304458023e-02
-1.839608139502823203e+00 4.605154775178866428e-02 4.365590923572700011e-02
-1.839250272002008302e+00 4.636294028112263738e-02 4.853691416831114325e-02
-1.838889746254651625e+00 4.670732507548551460e-02 5.348107318374364927e-02
-1.838526301304467259e+00 4.708551763573674831e-02 5.856311489280014576e-02
-1.838159668110329825e+00 4.749856538010348989e-02 6.376106842744753977e-02
-1.837789573627708339e+00 4.794698696327594906e-02 6.898776995698571723e-02
-1.837415745817398527e+00 4.843065214180666128e-02 7.424522832907569370e-02
-1.837037908427290755e+00 4.895010671172279892e-02 7.956075657676388302e-02
-1.836655783362172834e+00 4.950558945319572662e-02 8.490978732513107530e-02
-1.836269090876017085e+00 5.009731423494223623e-02 9.031785009429561806e-02
-1.835877546717263220e+00 5.072586476389026600e-02 9.581814818145804880e-02
-1.835480861520820461e+00 5.139190351513690108e-02 1.014107784050895522e-01
-1.835078741405968383e+00 5.209601550371463496e-02 1.070394945303804746e-01
-1.834670893244279455e+00 5.283810326754770359e-02 1.126862482618440769e-01
-1.834257021273921984e+00 5.361850797297911669e-02 1.184307478938288055e-01
-1.833836822172716374e+00 5.443820908861237567e-02 1.242666723144328494e-01
-1.833409990644296661e+00 5.529746237688878963e-02 1.302158439050509764e-01
-1.832976211556130108e+00 5.619754214639319928e-02 1.362383266156699801e-01
-1.832535171966359844e+00 5.713816458764635342e-02 1.423070067940548078e-01
-1.832086551924598350e+00 5.812023767942817859e-02 1.484069320318018859e-01
-1.831630035230495279e+00 5.914327559178625404e-02 1.545182555887466835e-01
-1.831165300744951985e+00 6.020791815620742810e-02 1.606281412545854104e-01
-1.830692032417573056e+00 6.131350611400398359e-02 1.667249980268606102e-01
-1.830209910468020951e+00 6.246052269180435434e-02 1.728577894173968510e-01
-1.829718615098340662e+00 6.364897017196219364e-02 1.790067943080616841e-01
-1.829217824837316320e+00 6.487906533107937190e-02 1.851277084187939737e-01
-1.828707222816532418e+00 6.615021186087589877e-02 1.911378889955655247e-01
-1.828186499112983254e+00 6.746150996008735967e-02 1.970439157549595810e-01
-1.827655347720276380e+00 6.881245221831702730e-02 2.029164541532623434e-01
-1.827113462207849759e+00 7.020309358811201161e-02 2.087390852496776306e-01
-1.826560541774057356e+00 7.163270482443206966e-02 2.144666202341843630e-01
-1.825996289905748027e+00 7.310073033839606382e-02 2.200719893128207649e-01
-1.825420418541748413e+00 7.460607514772354953e-02 2.255355260871545198e-01
-1.824832645960354993e+00 7.614791795281915243e-02 2.308883493079536553e-01
-1.824232695646521130e+00 7.772558421368731818e-02 2.361142125726634622e-01
-1.823620299118978938e+00 7.933803312723582135e-02 2.412368642221089099e-01
-1.822995190626444328e+00 8.098491101489294075e-02 2.462926720154707816e-01
-1.822357108658680280e+00 8.266566843467156034e-02 2.512926202580849644e-01
-1.821705793289899455e+00 8.438010011583509107e-02 2.562472903310500372e-01
-1.821040987731847860e+00 8.612779958036305417e-02 2.610530046748636979e-01
-1.820362447593075306e+00 8.790716078052956961e-02 2.656924437376185777e-01
-1.819669933425891672e+00 8.971754323560524047e-02 2.701931663627853419e-01
-1.818963215305345882e+00 9.155771324260275623e-02 2.745126686699257967e-01
-1.818242072682903832e+00 9.342645605517575780e-02 2.785802843118740935e-01
-1.817506301902442889e+00 9.532158320448878841e-02 2.824250191919312480e-01
-1.816755705659281128e+00 9.724227184001263402e-02 2.861114025073785427e-01
-1.815990096811509025e+00 9.918720534035041503e-02 2.895811068435922842e-01
-1.815209300651523527e+00 1.011547727991907036e-01 2.928566681099186164e-01
-1.814413150284262866e+00 1.031439620755217473e-01 2.959495710442772154e-01
-1.813601490051247822e+00 1.051533174321611086e-01 2.987311801506811748e-01
-1.812774185521716097e+00 1.071800887469596675e-01 3.012216838618576031e-01
-1.811931111396070770e+00 1.092230930466016464e-01 3.034490367568540847e-01
-1.811072160687096533e+00 1.112799579004196820e-01 3.054078657488674686e-01
-1.810197236099093887e+00 1.133494277398672534e-01 3.071085171133072778e-01
-1.809306257569749166e+00 1.154292699217545348e-01 3.085165749328862006e-01
-1.808399158317441469e+00 1.175177638875676972e-01 3.096840638073890539e-01
-1.807475883368379943e+00 1.196133798932071945e-01 3.104991413056813476e-01
-1.806536402693321719e+00 1.217128862884175322e-01 3.109202937597239647e-01
-1.805580702400242821e+00 1.238141924421414936e-01 3.110285928894047647e-01
-1.804608785086836642e+00 1.259151620559069984e-01 3.108137600995666827e-01
-1.803620670559952677e+00 1.280135656256002896e-01 3.102131042472617839e-01
-1.802616401654109968e+00 1.301064198390763926e-01 3.092320040931562097e-01
-1.801596037852041476e+00 1.321915678641113201e-01 3.078976958371384964e-01
-1.800559658823732923e+00 1.342663943740938781e-01 3.062126555424223295e-01
-1.799507360629160058e+00 1.363287759906390006e-01 3.041550593050770246e-01
-1.798439261791528798e+00 1.383758025265833247e-01 3.016912023195533754e-01
-1.797355500739051148e+00 1.404048952213330648e-01 2.988372422468894563e-01
-1.796256236678114959e+00 1.424133621922440973e-01 2.956239761529435017e-01
-1.795141645508340433e+00 1.443990407747552940e-01 2.920786061721838966e-01
-1.794011921070660209e+00 1.463596066115020189e-01 2.881567632960972403e-01
-1.792867278526407038e+00 1.482922975727499482e-01 2.838235043369467525e-01
-1.791707954622390631e+00 1.501943171872695271e-01 2.790730933864595253e-01
-1.790534208024009422e+00 1.520628258280516676e-01 2.739824237680726360e-01
-1.789346310963065845e+00 1.538960659217596671e-01 2.685819859342928884e-01
-1.788144554410153964e+00 1.556916097947952105e-01 2.628046014267251818e-01
-1.786929249908198347e+00 1.574467922324848668e-01 2.566522433853652974e-01
-1.785700727533139576e+00 1.591592122201247184e-01 2.501302872828836676e-01
-1.784459337372649834e+00 1.608262771705072369e-01 2.431621934460997947e-01
-1.783205456029608671e+00 1.624445519491684309e-01 2.356970635412785897e-01
-1.781939485426726977e+00 1.640107562866768842e-01 2.278311351245323191e-01
-1.780661843965473556e+00 1.655227553044267552e-01 2.195811155111138113e-01
-1.779372973624771204e+00 1.669774944638282022e-01 2.110165670543644456e-01
-1.778073325607762323e+00 1.683737787361749560e-01 2.021906618594660199e-01
-1.776763369149815475e+00 1.697092719857964671e-01 1.930280138087468178e-01
-1.775443590572407748e+00 1.709817606497977538e-01 1.836000407217542596e-01
-1.774114486781200650e+00 1.721898735114235357e-01 1.739465220766950038e-01
-1.772776567619430255e+00 1.733319344642736681e-01 1.639661771975415572e-01
-1.771430364076905573e+00 1.744052038986529662e-01 1.535723003518354446e-01
-1.770076429123402129e+00 1.754068342358056087e-01 1.428320343645286539e-01
-1.768715329873058018e+00 1.763349930259333342e-01 1.318255535072283824e-01
-1.767347647058740812e+00 1.771879159167309703e-01 1.205522628262699070e-01
-1.765973975619727465e+00 1.779637624200416934e-01 1.090260164202158377e-01
-1.764594922669204147e+00 1.786609553648806359e-01 9.725825213168136363e-02
-1.763211108333933463e+00 1.792778087986222901e-01 8.529685824161209462e-02
-1.761823159920400617e+00 1.798133925639878172e-01 7.314301091247607522e-02
-1.760431717626006920e+00 1.802660365993634661e-01 6.072104191262819861e-02
-1.759037436719186775e+00 1.806337884016684936e-01 4.809310118346044743e-02
-1.757640978877779814e+00 1.809158176108427996e-01 3.530226121084124175e-02
-1.756243016358702835e+00 1.811107536717928845e-01 2.234838187799880263e-02
-1.754844227842890847e+00 1.812177643313551134e-01 9.303702465332382501e-03
-1.753445295056645259e+00 1.812364550520254580e-01 -3.834905432027059091e-03
-1.752046906476541599e+00 1.811659513130794985e-01 -1.705266080840882673e-02
-1.750649752083035970e+00 1.810060582816813424e-01 -3.031186799805015916e-02
-1.749254524675642353e+00 1.807564107394228348e-01 -4.355956635822844786e-02
-1.747861913034580938e+00 1.804175293993395823e-01 -5.681003885598802372e-02
-1.746472610248675617e+00 1.799888560673045257e-01 -7.012899334119847283e-02
-1.745087312240015676e+00 1.794700236842591279e-01 -8.346797058374520739e-02
-1.743706714185564000e+00 1.788611287838186570e-01 -9.680413639705444384e-02
-1.742331511714210412e+00 1.781621128173031254e-01 -1.101414137433845974e-01
-1.740962400118837961e+00 1.773730193155826362e-01 -1.234030227913197886e-01
-1.739600067137019535e+00 1.764948270944907971e-01 -1.365316204035325609e-01
-1.738245194190103593e+00 1.755283544422092390e-01 -1.495158761664465152e-01
-1.736898453962499422e+00 1.744747332586400745e-01 -1.623980738370325305e-01
-1.735560517232091815e+00 1.733342105404137579e-01 -1.751738067916309705e-01
-1.734232045580267556e+00 1.721079777248776255e-01 -1.877470609137028290e-01
-1.732913688668741514e+00 1.707975790456509602e-01 -2.000920825290702365e-01
-1.731606084276923641e+00 1.694045538953604380e-01 -2.122463727643522646e-01
-1.730309862175480662e+00 1.679299398337077698e-01 -2.241879074153065310e-01
-1.729025637955907690e+00 1.663755738201089796e-01 -2.358958477087790828e-01
-1.727754017027716360e+00 1.647427749648159023e-01 -2.473231761525716832e-01
-1.726495585717873649e+00 1.630340154758121995e-01 -2.584178340691295483e-01
-1.725250914742252561e+00 1.612513178228612565e-01 -2.692044386850011572e-01
-1.724020558301469830e+00 1.593968216130960402e-01 -2.796052711362051468e-01
-1.722805046879881452e+00 1.574735993679673429e-01 -2.895634773281622887e-01
-1.721604888517370702e+00 1.554845588445125937e-01 -2.991970186474149362e-01
-1.720420579839550879e+00 1.534311787998551557e-01 -3.085221508049119654e-01
-1.719252596722843140e+00 1.513161473617708197e-01 -3.174878303617240660e-01
-1.718101398306165706e+00 1.491416329301084587e-01 -3.260222724781852155e-01
-1.716967415492926863e+00 1.469112935103306372e-01 -3.340767392263393476e-01
-1.715851057366237109e+00 1.446279559954867788e-01 -3.416710166631186651e-01
-1.714752706837151086e+00 1.422950110636314325e-01 -3.487540862281814924e-01
-1.713672719675787270e+00 1.399159749144074094e-01 -3.552994493175516966e-01
-1.712611422716714404e+00 1.374945962458195003e-01 -3.612946476209896729e-01
-1.711569114354309473e+00 1.350345595804763876e-01 -3.666522461551245393e-01
-1.710546054928955062e+00 1.325407949415737530e-01 -3.713686270580482396e-01
-1.709542475963541364e+00 1.300170357322854575e-01 -3.755383695550648104e-01
-1.708558580790469517e+00 1.274669341254882904e-01 -3.791217418014317664e-01
-1.707594539781082332e+00 1.248947603372800447e-01 -3.821440849003386320e-01
-1.706650497759013563e+00 1.223038241594629483e-01 -3.845954488486827416e-01
-1.705726565549170237e+00 1.196985302416173486e-01 -3.863977312404199282e-01
-1.704822820283583784e+00 1.170832436092307388e-01 -3.875051924361672118e-01
-1.703939300325450823e+00 1.144629868955113206e-01 -3.879267384879199199e-01
-1.703076011273889412e+00 1.118420047971815240e-01 -3.876869801857791287e-01
-1.702232922525799497e+00 1.092249874335610160e-01 -3.867609390621815080e-01
-1.701409968109041104e+00 1.066165169829136478e-01 -3.851178017471521553e-01
-1.700607042635782662e+00 1.040216998808750765e-01 -3.828124315874812389e-01
-1.699824011070756757e+00 1.014443770525960548e-01 -3.797909661002541459e-01
-1.699060693345778805e+00 9.889038266425503876e-02 -3.760152387303167809e-01
-1.698316875764903644e+00 9.636407330545783412e-02 -3.715360117895615821e-01
-1.697592304893183357e+00 9.387059729793627294e-02 -3.663722737246322136e-01
-1.696886695648182286e+00 9.141405468031978121e-02 -3.605323319183663666e-01
-1.696199724074824111e+00 8.899948153413338170e-02 -3.539648731629220779e-01
-1.695531029219178754e+00 8.663167118555235857e-02 -3.466822404193785068e-01
-1.694880212541901576e+00 8.431549295160671587e-02 -3.387159965503420689e-01
-1.694246841796430925e+00 8.205531371583681122e-02 -3.300736514402938804e-01
-1.693630447933984096e+00 7.985590132998524049e-02 -3.206987269423900999e-01
-1.693030522308551555e+00 7.772238574810516609e-02 -3.105746073330312162e-01
-1.692446517739077727e+00 7.565975931529521359e-02 -2.997125169790996191e-01
-1.691877848617850510e+00 7.367300033432623574e-02 -2.880806068566967859e-01
-1.691323887480631116e+00 7.176753145922792898e-02 -2.757466353525882541e-01
-1.690783975502930581e+00 6.994741551608103791e-02 -2.627460682664197744e-01
-1.690257415702400401e+00 6.821759598409393721e-02 -2.490427856888381142e-01
-1.689743475969558428e+00 6.658262370177860101e-02 -2.346306104866183184e-01
-1.689241385392860728e+00 6.504752560696380748e-02 -2.194946592887233594e-01
-1.688750336381468209e+00 6.361705362587778689e-02 -2.035968290638474343e-01
-1.688269478568780402e+00 6.229674950254011218e-02 -1.869479831463371766e-01
-1.687797926041819885e+00 6.109121838977066288e-02 -1.696351320898862036e-01
-1.687334759186029487e+00 6.000482644082444361e-02 -1.517236750993660177e-01
-1.686879029660846241e+00 5.904129520649849944e-02 -1.332313147343065773e-01
-1.686429757270296204e+00 5.820475166256180305e-02 -1.141040312093365289e-01
-1.685985927458769407e+00 5.749964721565171272e-02 -9.435934029100108422e-02
-1.685546495641934373e+00 5.692987218779222564e-02 -7.400763073366012357e-02
-1.685110383959248281e+00 5.649973762421439671e-02 -5.312144788908523818e-02
-1.684676492087077593e+00 5.621215369405350992e-02 -3.173504578208193039e-02
-1.684243689997871218e+00 5.607096863988622615e-02 -9.805114883131876846e-03
-1.683810820684310094e+00 5.607967778150779042e-02 1.266204463029992934e-02
-1.683376698092192258e+00 5.624204424043623141e-02 3.563829565624835466e-02
-1.682940112121918519e+00 5.656118317893640834e-02 5.909324768785922249e-02
-1.682499826796380438e+00 5.704044711547107821e-02 8.299010397029536745e-02
-1.682054585930542467e+00 5.768245405508318213e-02 1.073615548147957288e-01
-1.681603104052643571e+00 5.849099819171450776e-02 1.322746561837388202e-01
-1.681144068489844212e+00 5.946960351671346651e-02 1.576208431010850397e-01
-1.680676148604634657e+00 6.062059741364350662e-02 1.833483640264243486e-01
-1.680197991955505676e+00 6.194680466404028224e-02 2.094303227302493353e-01
-1.679708230941239888e+00 6.345018925923874564e-02 2.358736378844572268e-01
-1.679205475435083805e+00 6.513366945824873577e-02 2.627119454969505941e-01
-1.678688316642733991e+00 6.699966370509588542e-02 2.898778191281501382e-01
-1.678155330276138946e+00 6.905017926700468545e-02 3.173059932327304544e-01
-1.677605080186128861e+00 7.128675279183849245e-02 3.450309600488337125e-01
-1.677036111132649721e+00 7.371185756795238520e-02 3.730135738223769315e-01
-1.676446960096972472e+00 7.632650134889730487e-02 4.012332083831890439e-01
-1.675836147120551622e+00 7.913287874493549201e-02 4.296573987993133614e-01
-1.675202187851879021e+00 8.213155887921548548e-02 4.583002471217237361e-01
-1.674543579528951387e+00 8.532492689337969893e-02 4.871436418533690027e-01
-1.673858816885619660e+00 8.871330720797727942e-02 5.161237767163181500e-01
-1.673146382899486584e+00 9.229822288450208190e-02 5.451515832221580649e-01
-1.672404767332809294e+00 9.607879494819147881e-02 5.742762806642225382e-01
-1.671632443058601369e+00 1.000572114574187210e-01 6.035770146873173925e-01
-1.670827881480566601e+00 1.042336627661995391e-01 6.329830985630872098e-01
-1.669989544484963062e+00 1.086093818916909065e-01 6.625257988736118486e-01
-1.669115889228001137e+00 1.131849816275273257e-01 6.920763984902612576e-01
-1.668205376772133874e+00 1.179599559067980169e-01 7.216487040171239986e-01
-1.667256462009899520e+00 1.229351040627647967e-01 7.512254796937973822e-01
-1.666267605537566698e+00 1.281096871579064933e-01 7.808166735251736990e-01
-1.665237260744029113e+00 1.334846389319698512e-01 8.104230737760556025e-01
-1.664163886639703938e+00 1.390592310975995172e-01 8.400145899656185078e-01
-1.663045938165718107e+00 1.448339908451082292e-01 8.696123122672867467e-01
-1.661881873685264299e+00 1.508084748343343495e-01 8.991117253257689956e-01
-1.660670158391971407e+00 1.569817981592274148e-01 9.285454704816522575e-01
-1.659409257497425072e+00 1.633539584934672884e-01 9.578317672796715643e-01
-1.658097651572390641e+00 1.699229660035683209e-01 9.869613724779612296e-01
-1.656733822169551784e+00 1.766886934787071373e-01 1.016021027869238758e+00
-1.655316257154619164e+00 1.836503230449603452e-01 1.044910656756599554e+00
-1.653843455812048724e+00 1.908063753654045958e-01 1.073628921515675350e+00
-1.652313923878822255e+00 1.981560144936093115e-01 1.102199684848593542e+00
-1.650726176022066394e+00 2.056980834991989360e-01 1.130586418683053651e+00
-1.649078737170883491e+00 2.134312529086634658e-01 1.158792119822339872e+00
-1.647370140871989408e+00 2.213544062811325652e-01 1.186765965586724203e+00
-1.645598936234285770e+00 2.294655274830258995e-01 1.214484623369141092e+00
-1.643763683417605259e+00 2.377631848289859795e-01 1.241937314497287836e+00
-1.641862959268055588e+00 2.462452165558843553e-01 1.269115058697231513e+00
-1.639895352619213043e+00 2.549100696467933580e-01 1.296003719132875931e+00
-1.637859470465234946e+00 2.637553913372261416e-01 1.322562744267883783e+00
-1.635753936016797638e+00 2.727790807225612402e-01 1.348813593341391170e+00
-1.633577388407211339e+00 2.819790749719148781e-01 1.374735372800035327e+00
-1.631328485165257636e+00 2.913529908899854526e-01 1.400318170276026342e+00
-1.629005900776096416e+00 3.008986317208936501e-01 1.425512410436344801e+00
-1.626608333290485042e+00 3.106129444620424063e-01 1.450338319474373083e+00
-1.624134495606204043e+00 3.204940056315992991e-01 1.474886531425010139e+00
-1.621583114734563846e+00 3.305399867742188635e-01 1.499115595241842902e+00
-1.618952936856756342e+00 3.407484043671855090e-01 1.522913637779219176e+00
-1.616242733934561526e+00 3.511159184484313189e-01 1.546250509876522239e+00
-1.613451300243845532e+00 3.616396381529898840e-01 1.569166616668372871e+00
-1.610577451627280166e+00 3.723167694284684193e-01 1.591675443413407054e+00
-1.607620024835268557e+00 3.831446036078621775e-01 1.613769324836388019e+00
-1.604577878984418504e+00 3.941202430740220475e-01 1.635432627062828770e+00
-1.601449895729498918e+00 4.052407679322510559e-01 1.656645531881761446e+00
-1.598234981158290324e+00 4.165030128035621115e-01 1.677408929213071831e+00
-1.594932063803926603e+00 4.279040698168754542e-01 1.697677263163829275e+00
-1.591540101383498884e+00 4.394401580921559192e-01 1.717495787789504069e+00
-1.588058069339983502e+00 4.511089811812765693e-01 1.736935759201731821e+00
-1.584484964869137036e+00 4.629077209382982394e-01 1.756023686987118637e+00
-1.580819800127961638e+00 4.748344390834295381e-01 1.774737947676067407e+00
-1.577061611281314280e+00 4.868860253182270559e-01 1.792925402960729775e+00
-1.573209465425829068e+00 4.990584723267564304e-01 1.810660223093825794e+00
-1.569262445930906358e+00 5.113496719173350469e-01 1.827974773780733031e+00
-1.565219663722359655e+00 5.237560540637905548e-01 1.844816603939041011e+00
-1.561080251468802249e+00 5.362748019131866606e-01 1.861178962179557361e+00
-1.556843370099351365e+00 5.489022542220164391e-01 1.877087037362872080e+00
-1.552508199659021093e+00 5.616359344614838545e-01 1.892537088758211361e+00
-1.548073948843443626e+00 5.744721308474479704e-01 1.907564887360993833e+00
-1.543539841733652329e+00 5.874088501494032499e-01 1.922146772020634220e+00
-1.538905133528879476e+00 6.004420608998034536e-01 1.936167428249249367e+00
-1.534169106839708752e+00 6.135682118657946882e-01 1.949719872561110678e+00
-1.529331065694390146e+00 6.267845283165194292e-01 1.962820714597029115e+00
-1.524390339800333560e+00 6.400876834302959839e-01 1.975406829642575524e+00
-1.519346286865783879e+00 6.534740496046536062e-01 1.987499654745758182e+00
-1.514198288042512663e+00 6.669405896516913401e-01 1.999091295419038294e+00
-1.508945753306429438e+00 6.804835693073184588e-01 2.010140274309343056e+00
-1.503588120402572059e+00 6.940993909873242051e-01 2.020657325591340925e+00
-1.498124854780667370e+00 7.077844654559625193e-01 2.030639050954136327e+00
-1.492555450013975493e+00 7.215351492147891177e-01 2.040158080148732456e+00
-1.486879419806012459e+00 7.353488343212561951e-01 2.049209048290225432e+00
-1.481096306543322694e+00 7.492218047925036650e-01 2.057715414115568908e+00
-1.475205680725063528e+00 7.631504185447430810e-01 2.065726577360324612e+00
-1.469207136381606826e+00 7.771316270299302165e-01 2.073244442157101020e+00
-1.463100295457358868e+00 7.911618138908194098e-01 2.080182863737152665e+00
-1.456884812411830321e+00 8.052367666861346418e-01 2.086539271695716291e+00
-1.450560369886629841e+00 8.193528343301518246e-01 2.092427885215420336e+00
-1.444126671126747308e+00 8.335073475853851388e-01 2.097874044544969507e+00
-1.437583444916579856e+00 8.476969977356402230e-01 2.102706980678089366e+00
-1.430930458453112397e+00 8.619168083007103798e-01 2.106902630086951778e+00
-1.424167506982281228e+00 8.761631454445178990e-01 2.110527658496102799e+00
-1.417294417210156476e+00 8.904319334006977060e-01 2.113544594976766611e+00
-1.410311047799538420e+00 9.047190320672545694e-01 2.116055118274074331e+00
-1.403217278269459189e+00 9.190217394490345360e-01 2.118031290215825813e+00
-1.396013023009305076e+00 9.333355379742315217e-01 2.119489658658979536e+00
-1.388698215538946901e+00 9.476579492241086200e-01 2.120438553897366241e+00
-1.381272823379857462e+00 9.619845681766147072e-01 2.120737429847494138e+00
-1.373736847841303899e+00 9.763110175091356258e-01 2.120378957620975502e+00
-1.366090324998472383e+00 9.906327931797529462e-01 2.119372246166144613e+00
-1.358333323764387313e+00 1.004945640935929418e+00 2.117777568396512322e+00
-1.350465941532233094e+00 1.019245871076966958e+00 2.115681151845311359e+00
-1.342488299540510743e+00 1.033530394361782623e+00 2.113085033743635766e+00
-1.334400547295422124e+00 1.047795548614501193e+00 2.109955521225907127e+00
-1.326202861662256760e+00 1.062037789373150520e+00 2.106266579295789754e+00
-1.317895450489150466e+00 1.076253102705661213e+00 2.101961732843215191e+00
-1.309478554873018563e+00 1.090437181120577526e+00 2.097066905215768440e+00
-1.300952444190121016e+00 1.104586360933549560e+00 2.091601236532265595e+00
-1.292317419069408002e+00 1.118696593253325933e+00 2.085491960481897777e+00
-1.283573816007847590e+00 1.132763231257312375e+00 2.078747744699305677e+00
-1.274722001851165132e+00 1.146782343161789841e+00 2.071430839887639319e+00
-1.265762372821085169e+00 1.160750123207099582e+00 2.063489477027515395e+00
-1.256695360886991519e+00 1.174661940163553409e+00 2.054891266893528190e+00
-1.247521430772084106e+00 1.188513550663953700e+00 2.045696577728543630e+00
-1.238241076651521499e+00 1.202301139107817551e+00 2.035901855487144640e+00
-1.228854825824923669e+00 1.216020414109600267e+00 2.025499095450020715e+00
-1.219363235878667684e+00 1.229667451917868304e+00 2.014481836561343275e+00
-1.209766898197404794e+00 1.243237873852407471e+00 2.002787928815217722e+00
-1.200066440934060452e+00 1.256726916459359078e+00 1.990519431150776342e+00
-1.190262515396282472e+00 1.270131579966482072e+00 1.977684869311039373e+00
-1.180355808770858328e+00 1.283447216110367162e+00 1.964194396431207190e+00
-1.170347040769272651e+00 1.296669611206897388e+00 1.950112339447295229e+00
-1.160236960273604234e+00 1.309794986107370329e+00 1.935400518670537195e+00
-1.150026352672323338e+00 1.322818611285766721e+00 1.920152428586208160e+00
-1.139716022774114768e+00 1.335737970787891360e+00 1.904399475786145546e+00
-1.129306808618715463e+00 1.348548759419000875e+00 1.887992187166153801e+00
-1.118799583254370233e+00 1.361246441708951815e+00 1.870899331932092124e+00
-1.108195256217381797e+00 1.373826290506909631e+00 1.853152072927138239e+00
-1.097494768802641518e+00 1.386284191380743547e+00 1.834844051428924150e+00
-1.086699089027410636e+00 1.398616682357422425e+00 1.816032670462661702e+00
-1.075809210681075712e+00 1.410820424571265663e+00 1.796707671210681978e+00
-1.064826155345268033e+00 1.422891817443397322e+00 1.776854866600602101e+00
-1.053750971853289586e+00 1.434827330428041448e+00 1.756521789999217820e+00
-1.042584731873513304e+00 1.446624005164818705e+00 1.735697119205603878e+00
-1.031328535506756294e+00 1.458278158134844960e+00 1.714279061937562076e+00
-1.019983516304648896e+00 1.469785455672542041e+00 1.692260481233720526e+00
-1.008550836995566913e+00 1.481142117832264571e+00 1.669642638099705589e+00
-9.970316936271916841e-01 1.492343827985753935e+00 1.646418047205567392e+00
-9.854273122045817956e-01 1.503386705053830541e+00 1.622658724387334939e+00
-9.737389445416935185e-01 1.514267405406890976e+00 1.598383488530051189e+00
-9.619678704472712782e-01 1.524982302225803332e+00 1.573574641219526171e+00
-9.501153973846943046e-01 1.535527812759484689e+00 1.548264455610720125e+00
-9.381828574464180504e-01 1.545900746228125788e+00 1.522517455269207121e+00
-9.261716036504807903e-01 1.556098391651993484e+00 1.496335811366477087e+00
-9.140830134175692567e-01 1.566117587585755810e+00 1.469657636508216125e+00
-9.019184915480832343e-01 1.575954786895373161e+00 1.442473891101273331e+00
-8.896794681877947530e-01 1.585606706002487654e+00 1.414853611860207749e+00
-8.773673936624681868e-01 1.595070730521106706e+00 1.386791994607655898e+00
-8.649837441442596031e-01 1.604343511964119395e+00 1.358236737425531526e+00
-8.525300214397946164e-01 1.613421729299623353e+00 1.329233249733086319e+00
-8.400077484664203453e-01 1.622302647562565259e+00 1.299810599245457832e+00
-8.274184707445312315e-01 1.630983338451992726e+00 1.269996418219862644e+00
-8.147637520235222475e-01 1.639461440339476939e+00 1.239745074974347716e+00
-8.020451834146860026e-01 1.647733408399039590e+00 1.209019779058296162e+00
-7.892643780951282828e-01 1.655796383930205451e+00 1.177994454823193093e+00
-7.764229584655802929e-01 1.663649171981266495e+00 1.146742044930089799e+00
-7.635225613855216587e-01 1.671289899372641052e+00 1.115212290155815023e+00
-7.505648381795052559e-01 1.678716692105355568e+00 1.083465477050753467e+00
-7.375514483436517166e-01 1.685928491525294781e+00 1.051514961829583150e+00
-7.244840644462582357e-01 1.692923604087946954e+00 1.019312878986417870e+00
-7.113643722190009511e-01 1.699700324433202514e+00 9.868199331686258180e-01
-6.981940745637776891e-01 1.706256428101026179e+00 9.540908702907093808e-01
-6.849748818365078984e-01 1.712590949397805762e+00 9.212020408211051281e-01
-6.717085136008730251e-01 1.718702695426939986e+00 8.881119571690752057e-01
-6.583967012012459374e-01 1.724590139960186841e+00 8.548399929008385634e-01
-6.450411831693254605e-01 1.730252351855233073e+00 8.213956128596419104e-01
-6.316437088304296399e-01 1.735687932762373320e+00 7.877565601656102423e-01
-6.182060370183344311e-01 1.740895650828848229e+00 7.540327722058361992e-01
-6.047299258952532064e-01 1.745875593057837571e+00 7.202719759153994872e-01
-5.912171381544972792e-01 1.750627172430359924e+00 6.864676803655556103e-01
-5.776694364947431160e-01 1.755150388251315530e+00 6.526268511179071918e-01
-5.640885874193387606e-01 1.759444747612719073e+00 6.186522168381242137e-01
-5.504763675812579526e-01 1.763508935596340255e+00 5.845945273591041103e-01
-5.368345521455328839e-01 1.767343144970037416e+00 5.505031635130431811e-01
-5.231649212769793333e-01 1.770946727994995085e+00 5.164190633757341775e-01
-5.094692493831096680e-01 1.774320430549261030e+00 4.824081563291349739e-01
-4.957493089955579135e-01 1.777464495659211163e+00 4.484846576664291984e-01
-4.820068654061660518e-01 1.780379861264277608e+00 4.146802555783931088e-01
-4.682436787261906042e-01 1.783067198526767205e+00 3.810430190624638502e-01
-4.544614968140628375e-01 1.785528094841460689e+00 3.475096236216934087e-01
-4.406620689516316802e-01 1.787762365799809849e+00 3.139798782972856861e-01
-4.268471426166640659e-01 1.789770245126714787e+00 2.805837047165964937e-01
-4.130184531610409104e-01 1.791553303771555195e+00 2.474355498453817692e-01
-3.991777221970833622e-01 1.793113321740575694e+00 2.145348161458404401e-01
-3.853266592735429263e-01 1.794451861909883705e+00 1.818766101378735678e-01
-3.714669607099438942e-01 1.795570638170410405e+00 1.494562404014011248e-01
-3.576003112515009352e-01 1.796471150012962426e+00 1.172607408172555571e-01
-3.437283837664160124e-01 1.797154936144550241e+00 8.528571193556476471e-02
-3.298528400073925115e-01 1.797623436615459314e+00 5.358107655203411812e-02
-3.159753246437583263e-01 1.797878864634528950e+00 2.218820191770929512e-02
-3.020974669152232117e-01 1.797923219160777020e+00 -8.867786516725548532e-03
-2.882208763578312238e-01 1.797759052870458119e+00 -3.958932349761138531e-02
-2.743471473319237242e-01 1.797388331826979657e+00 -6.997721759953183518e-02
-2.604778545785013666e-01 1.796813597782027205e+00 -9.995717332109158026e-02
-2.466145499147117670e-01 1.796037820597990109e+00 -1.295266298030711971e-01
-2.327587652712941046e-01 1.795063576626063639e+00 -1.587440507686080360e-01
-2.189120157522159160e-01 1.793893045831204569e+00 -1.876001053448172751e-01
-2.050757956019356176e-01 1.792528930633084716e+00 -2.160575289198451987e-01
-1.912515783518775048e-01 1.790973914475051831e+00 -2.441333711644064486e-01
-1.774408184520377130e-01 1.789230469420406200e+00 -2.717998679891304725e-01
-1.636449467439089756e-01 1.787301654030290399e+00 -2.990337940678968187e-01
-1.498653725654264524e-01 1.785190254163030232e+00 -3.258371068820359873e-01
-1.361034818501642985e-01 1.782899301932436398e+00 -3.522090154621772551e-01
-1.223606389456502047e-01 1.780431593883541552e+00 -3.781521190152903888e-01
-1.086381850661177068e-01 1.777790127012535137e+00 -4.036754054811665937e-01
-9.493744077709073692e-02 1.774977576429306536e+00 -4.287290611848592614e-01
-8.125969831581633662e-02 1.771997612157554469e+00 -4.532513653670699472e-01
-6.760622283407985433e-02 1.768853743210086149e+00 -4.772818527318786752e-01
-5.397825527839622550e-02 1.765549105461223789e+00 -5.008702790574949271e-01
-4.037701469876342486e-02 1.762086535678502486e+00 -5.239881176173256661e-01
-2.680369296490562811e-02 1.758469555157954112e+00 -5.466590809051261601e-01
-1.325946252296535469e-02 1.754700680290015802e+00 -5.688300261012259051e-01
2.545369033621572991e-04 1.750784150377964865e+00 -5.903855642227510137e-01
1.373719704768239930e-02 1.746724040821081125e+00 -6.114320006175322231e-01
2.718743127964579412e-02 1.742523154641870908e+00 -6.320569373965674309e-01
4.060417529032962769e-02 1.738184383656379062e+00 -6.521917469284987945e-01
5.398639356391406185e-02 1.733711458108077474e+00 -6.717263425261132959e-01
6.733308438675784935e-02 1.729108757183074330e+00 -6.907400515790982354e-01
8.064326656540525551e-02 1.724378939340526662e+00 -7.092710277194935742e-01
9.391598872960230104e-02 1.719525868276690739e+00 -7.272483831219813677e-01
1.071503274220502178e-01 1.714553160208940330e+00 -7.447799633136990005e-01
1.203453777616269732e-01 1.709463221743554362e+00 -7.619112690337119798e-01
1.335002580349717305e-01 1.704259054342037061e+00 -7.785277998926055654e-01
1.466141170459495935e-01 1.698944611613813382e+00 -7.945803253095650165e-01
1.596861319003596291e-01 1.693523560169771125e+00 -8.100838841921035316e-01
1.727155086528450179e-01 1.687999650430181520e+00 -8.250882640648249389e-01
1.857014764677273333e-01 1.682375876331737574e+00 -8.395385419494726387e-01
1.986432991859954922e-01 1.676656730353498492e+00 -8.534949654158937582e-01
2.115402574752010822e-01 1.670844392433352699e+00 -8.670026773637844464e-01
2.243916619716874450e-01 1.664942745129220913e+00 -8.799926174808182511e-01
2.371968473405421662e-01 1.658954901445865993e+00 -8.924555900411059728e-01
2.499551791746509599e-01 1.652884868183728040e+00 -9.044756383985531611e-01
2.626660383309066815e-01 1.646734622846340867e+00 -9.160852234755555434e-01
2.753288332087063250e-01 1.640507733657915024e+00 -9.272954048266933702e-01
2.879429863180720806e-01 1.634206028697464230e+00 -9.381174860827286022e-01
3.005079465326940813e-01 1.627832923466990600e+00 -9.485614814242693260e-01
3.130231757925258651e-01 1.621390110744928892e+00 -9.586962132346770193e-01
3.254881552238206854e-01 1.614880076181041790e+00 -9.684516435756489461e-01
3.379023863232315517e-01 1.608305458829243584e+00 -9.778481639438457718e-01
3.502653876471170658e-01 1.601668468831853653e+00 -9.869831026646339600e-01
3.625766879720314639e-01 1.594970430249655902e+00 -9.957902245268441810e-01
3.748358400417910463e-01 1.588214448122188704e+00 -1.004181594528967381e+00
3.870424159909983675e-01 1.581403034591120749e+00 -1.012085760506786336e+00
3.991960193731415307e-01 1.574540260078933329e+00 -1.019535679792906269e+00
4.112962696954312047e-01 1.567628191444117691e+00 -1.026717251545860021e+00
4.233427984968594626e-01 1.560668387444481775e+00 -1.033643420662921697e+00
4.353352519201396098e-01 1.553662740041322765e+00 -1.040257984183744044e+00
4.472732940010767377e-01 1.546613567344944595e+00 -1.046570133200536823e+00
4.591566024206740204e-01 1.539522637136730099e+00 -1.052652421695918328e+00
4.709848651864959601e-01 1.532391287257484080e+00 -1.058458292041717153e+00
4.827577888067203227e-01 1.525221914523980704e+00 -1.064031928313810660e+00
4.944750855082047369e-01 1.518015259810457263e+00 -1.069425714165996855e+00
5.061364805554187107e-01 1.510773012183455721e+00 -1.074589522052713297e+00
5.177417101592273196e-01 1.503496589785396687e+00 -1.079450458826081594e+00
5.292905311700087934e-01 1.496188666534748357e+00 -1.083993203142280537e+00
5.407827129823737922e-01 1.488850867579053272e+00 -1.088414218337980355e+00
5.522180251416216601e-01 1.481483212440567909e+00 -1.092699770678656312e+00
5.635962511695518096e-01 1.474087511821928542e+00 -1.096744560149049974e+00
5.749171857202103331e-01 1.466665207943216087e+00 -1.100534915244245182e+00
5.861806388499208875e-01 1.459218296221382882e+00 -1.104069401005953743e+00
5.973864318969035470e-01 1.451748238264085389e+00 -1.107391844908147682e+00
6.085343970309637918e-01 1.444256437339721533e+00 -1.110466742109607274e+00
6.196243814065423017e-01 1.436744834758255651e+00 -1.113293402372234508e+00
6.306562430816490261e-01 1.429214843113822742e+00 -1.115976787709952900e+00
6.416298441526208096e-01 1.421666985585264165e+00 -1.118552384419684742e+00
6.525450539185586596e-01 1.414102195314956845e+00 -1.120955450585769286e+00
6.634017524687138012e-01 1.406521870203197633e+00 -1.123134806386623552e+00
6.741998324325575442e-01 1.398927634877741077e+00 -1.125108528506658212e+00
6.849391953445248538e-01 1.391320643006634272e+00 -1.126939439267693022e+00
6.956197487276385427e-01 1.383701670431614739e+00 -1.128648636023841911e+00
7.062414068096783959e-01 1.376071585776518225e+00 -1.130244493175708742e+00
7.168040889336602106e-01 1.368431051737404980e+00 -1.131767430567230504e+00
7.273077169320404378e-01 1.360780390829700037e+00 -1.133166684223430254e+00
7.377522230465993758e-01 1.353120951616379353e+00 -1.134369918672826660e+00
7.481375495523002739e-01 1.345454033930085780e+00 -1.135368423149693884e+00
7.584636500418610039e-01 1.337781104024067691e+00 -1.136167818418474917e+00
7.687304875550025063e-01 1.330103385789388915e+00 -1.136658846840822079e+00
7.789380478434921873e-01 1.322423821648166742e+00 -1.136901819421451965e+00
7.890863198163690084e-01 1.314742820635598664e+00 -1.136919762863001671e+00
7.991753126933032192e-01 1.307063014062357809e+00 -1.136699581867659514e+00
8.092050402169229661e-01 1.299384987892882481e+00 -1.136369123916375345e+00
8.191755231074928645e-01 1.291709646103499587e+00 -1.135884474677829159e+00
8.290867911879857832e-01 1.284038167980722678e+00 -1.135215435331678568e+00
8.389388844083944807e-01 1.276371865514077664e+00 -1.134348751435452884e+00
8.487318532037029239e-01 1.268712097069505607e+00 -1.133254240354750308e+00
8.584657612836100737e-01 1.261060582431043686e+00 -1.132014765989258542e+00
8.681406742010719935e-01 1.253417560398890185e+00 -1.130629002641206027e+00
8.777566709220147034e-01 1.245784768668450671e+00 -1.129070051411381170e+00
8.873138350608614777e-01 1.238162809468221770e+00 -1.127293227794842423e+00
8.968122683050756550e-01 1.230554024221422571e+00 -1.125180105814677756e+00
9.062520893410599410e-01 1.222960615197910661e+00 -1.122843171533049134e+00
9.156334231972784732e-01 1.215383404033129722e+00 -1.120266562689781864e+00
9.249564135553829392e-01 1.207824807310325488e+00 -1.117393685061234265e+00
9.342212163412009218e-01 1.200286411303756351e+00 -1.114192121124084389e+00
9.434280095145151090e-01 1.192771070586537308e+00 -1.110686075785397353e+00
9.525769807549960833e-01 1.185280044402882593e+00 -1.106894920207557087e+00
9.616683377560844015e-01 1.177815925604097202e+00 -1.102815217133745529e+00
9.707022982895739949e-01 1.170380019874823763e+00 -1.098457355280873626e+00
9.796790990576070834e-01 1.162974779705466810e+00 -1.093865184119050538e+00
9.885989822676934935e-01 1.155600918334926508e+00 -1.088956590476370057e+00
9.974622176211331848e-01 1.148261997676343293e+00 -1.083595542647123322e+00
1.006269094511106799e+00 1.140960568879194170e+00 -1.077845736918284114e+00
1.015019923181808670e+00 1.133699333262547571e+00 -1.071747190113304216e+00
1.023715029396027987e+00 1.126480301312637877e+00 -1.065316215320007753e+00
1.032354758066303724e+00 1.119305953944059295e+00 -1.058540132935603451e+00
1.040939470946103729e+00 1.112178472955873243e+00 -1.051411939842729737e+00
1.049469549668988755e+00 1.105100433881081701e+00 -1.043918171686686325e+00
1.057945394113622539e+00 1.098074200434276726e+00 -1.036025287246433502e+00
1.066367427536718315e+00 1.091102801320495530e+00 -1.027642000473649952e+00
1.074736100960157925e+00 1.084189833610869069e+00 -1.018773842715502420e+00
1.083051888207017921e+00 1.077338251276963810e+00 -1.009499441723449742e+00
1.091315282665589859e+00 1.070550589058336888e+00 -9.998379787173383715e-01
1.099526798524983695e+00 1.063829541771039056e+00 -9.897205174225218727e-01
1.107686976728770478e+00 1.057178575545641319e+00 -9.790765299229935437e-01
1.115796386376574523e+00 1.050601338093713366e+00 -9.679640894254595285e-01
1.123855617266126261e+00 1.044100510924621084e+00 -9.564512965103312281e-01
1.131865280249116923e+00 1.037678821649900884e+00 -9.445620300841005568e-01
1.139826004385053437e+00 1.031338629153434772e+00 -9.322574311608496922e-01
1.147738443839940503e+00 1.025083186066576113e+00 -9.194999576464824020e-01
1.155603274902799571e+00 1.018915358500632307e+00 -9.062902337254824525e-01
1.163421198904054155e+00 1.012838390653663101e+00 -8.925948948395869831e-01
1.171192942776677182e+00 1.006855599422138425e+00 -8.783590784076302782e-01
1.178919264216568452e+00 1.000970970246886527e+00 -8.636186874796385471e-01
1.186600942777909173e+00 9.951873349419103620e-01 -8.484263259908125798e-01
1.194238783291833528e+00 9.895079682216062489e-01 -8.327552309288969168e-01
1.201833615238825814e+00 9.839360634923207671e-01 -8.166142361569397323e-01
1.209386292455054690e+00 9.784747761150226486e-01 -7.999600652268062939e-01
1.216897697939265832e+00 9.731278841997590412e-01 -7.828038352782357157e-01
1.224368737886501579e+00 9.678983929049514989e-01 -7.652302333311197247e-01
1.231800338822516938e+00 9.627889361429123882e-01 -7.471641314237956744e-01
1.239193458304330475e+00 9.578035341183319673e-01 -7.285634504492135566e-01
1.246549078608030880e+00 9.529453892700694428e-01 -7.094740362057221361e-01
1.253868208259790951e+00 9.482179023848843480e-01 -6.899371618205802914e-01
1.261151876200549804e+00 9.436237182646001198e-01 -6.699949925499470993e-01
1.268401133223988397e+00 9.391656680054777384e-01 -6.496255403416750784e-01
1.275617052831650611e+00 9.348466934876827894e-01 -6.288949527909372117e-01
1.282800723479402549e+00 9.306687320940276731e-01 -6.078534936489582430e-01
1.289953251089053232e+00 9.266340465962340511e-01 -5.864658900124096741e-01
1.297075760215284035e+00 9.227450509457333361e-01 -5.646976389013431685e-01
1.304169396476975828e+00 9.190044740805091150e-01 -5.425083554027889665e-01
1.311235328337555739e+00 9.154152755884551462e-01 -5.198975737693904975e-01
1.318274745373221757e+00 9.119801907002202945e-01 -4.968600379541353029e-01
1.325288860552862547e+00 9.087022500176163975e-01 -4.734860188216384880e-01
1.332278898543944212e+00 9.055829691307977214e-01 -4.497618960527142162e-01
1.339246108827062631e+00 9.026255626643270302e-01 -4.257078263383433647e-01
1.346191750479285076e+00 8.998312738733513783e-01 -4.014542973693528416e-01
1.353117093782470803e+00 8.972015543764794154e-01 -3.769338555075356645e-01
1.360023425649574680e+00 8.947385587881214741e-01 -3.521552783678740250e-01
1.366912043282941358e+00 8.924436201334208230e-01 -3.271256136622507915e-01
1.373784259781017258e+00 8.903187978058673124e-01 -3.018075900326495642e-01
1.380641402418604446e+00 8.883659284001416134e-01 -2.762591100241950093e-01
1.387484808328049324e+00 8.865862889943200154e-01 -2.505195342180907003e-01
1.394315824713207252e+00 8.849811843862631644e-01 -2.246200634406154417e-01
1.401135805381596988e+00 8.835514701028488460e-01 -1.985951349434956215e-01
1.407946110620843960e+00 8.822979856637229723e-01 -1.724943002929576752e-01
1.414748102154589349e+00 8.812209171095782834e-01 -1.463055837004608450e-01
1.421543149435515740e+00 8.803212657637249361e-01 -1.199367430648933530e-01
1.428332632972092009e+00 8.796004639405269332e-01 -9.341415738176027383e-02
1.435117938250807690e+00 8.790591565593619539e-01 -6.684246187418445284e-02
1.441900450901710817e+00 8.786973622187084221e-01 -4.018841174989139231e-02
1.448681564999912741e+00 8.785161750049602647e-01 -2.682089765628241362e-02
